!0 0 -90
90 0 17.00
100 0 9.60
110 0 9.40
120 0 10.40
130 0 11.80
140 0 18.80
150 0 14.60
160 0 14.00
170 0 13.00
180 0 13.00
90 10 15.20
100 10 9.80
110 10 9.60
120 10 10.60
130 10 11.80
140 10 17.20
150 10 14.40
160 10 14.00
170 10 13.20
180 10 13.00
90 20 17.40
100 20 10.60
110 20 10.60
120 20 11.40
130 20 13.00
140 20 19.20
150 20 15.40
160 20 15.60
170 20 14.20
180 20 14.00
90 30 18.00
100 30 13.40
110 30 13.20
120 30 13.60
130 30 15.40
140 30 23.40
150 30 16.60
160 30 18.40
170 30 16.80
180 30 16.80
90 40 21.20
100 40 16.80
110 40 17.20
120 40 17.80
130 40 19.40
140 40 29.00
150 40 18.80
160 40 21.80
170 40 21.20
180 40 20.80
