!25.4 67.3 -90
0 90 59.30
10 90 67.30
20 90 55.30
30 90 53.60
40 90 63.80
50 90 63.30
60 90 48.60
70 90 63.60
80 90 60.40
90 90 56.90
0 89 60.00
10 89 67.30
20 89 54.20
30 89 53.60
40 89 66.20
50 89 70.40
60 89 45.90
70 89 62.20
80 89 57.30
90 89 55.90
0 88 65.00
10 88 67.30
20 88 58.80
30 88 58.20
40 88 71.50
50 88 74.50
60 88 49.70
70 88 63.60
80 88 58.40
90 88 55.70
0 87 64.50
10 87 67.20
20 87 54.80
30 87 56.40
40 87 63.50
50 87 72.70
60 87 52.60
70 87 64.60
80 87 59.70
90 87 58.80
0 86 63.20
10 86 67.00
20 86 55.20
30 86 53.50
40 86 62.50
50 86 70.60
60 86 52.40
70 86 72.40
80 86 63.20
90 86 56.70
0 85 67.50
10 85 65.40
20 85 56.90
30 85 54.30
40 85 62.80
50 85 72.60
60 85 49.90
70 85 66.60
80 85 64.20
90 85 56.50