!64.77 59.69 -180
0 90 61.80
10 90 67.00
20 90 53.60
30 90 54.40
40 90 51.40
50 90 54.60
60 90 36.50
70 90 58.80
80 90 60.40
90 90 59.80
0 89 57.60
10 89 67.10
20 89 54.10
30 89 52.80
40 89 58.30
50 89 60.90
60 89 37.90
70 89 58.40
80 89 60.60
90 89 57.40
0 88 60.00
10 88 67.10
20 88 55.50
30 88 55.70
40 88 61.40
50 88 66.60
60 88 34.00
70 88 63.40
80 88 61.70
90 88 58.10
0 87 62.20
10 87 67.00
20 87 54.80
30 87 53.90
40 87 55.30
50 87 54.70
60 87 39.00
70 87 61.70
80 87 64.60
90 87 57.50
0 86 64.30
10 86 67.30
20 86 53.60
30 86 52.20
40 86 53.20
50 86 57.50
60 86 36.10
70 86 62.50
80 86 61.70
90 86 60.70
0 85 59.90
10 85 68.10
20 85 58.40
30 85 54.50
40 85 57.50
50 85 61.50
60 85 37.90
70 85 61.60
80 85 62.00
90 85 59.20
