!55.88 17.78 -270
0 90 58.20
10 90 66.60
20 90 59.00
30 90 56.90
40 90 51.00
50 90 51.10
60 90 36.70
70 90 63.00
80 90 60.10
90 90 56.40
0 89 65.20
10 89 67.20
20 89 56.20
30 89 59.50
40 89 57.70
50 89 55.90
60 89 35.60
70 89 59.70
80 89 58.90
90 89 55.40
0 88 63.60
10 88 67.10
20 88 54.50
30 88 55.40
40 88 57.10
50 88 62.40
60 88 43.10
70 88 65.80
80 88 59.30
90 88 57.40
0 87 64.10
10 87 67.10
20 87 56.80
30 87 54.80
40 87 57.00
50 87 51.20
60 87 41.10
70 87 63.00
80 87 59.90
90 87 59.10
0 86 62.90
10 86 67.00
20 86 58.30
30 86 54.60
40 86 57.00
50 86 64.10
60 86 39.10
70 86 64.20
80 86 61.30
90 86 59.00
0 85 61.80
10 85 67.20
20 85 55.30
30 85 55.20
40 85 54.70
50 85 52.00
60 85 39.20
70 85 65.50
80 85 62.00
90 85 59.40