!17.78 27.94 0
0 90 65.30
10 90 59.70
20 90 52.10
30 90 52.00
40 90 53.30
50 90 61.80
60 90 40.50
70 90 65.40
80 90 63.50
90 90 60.90
0 89 59.70
10 89 59.40
20 89 50.90
30 89 54.30
40 89 58.10
50 89 60.70
60 89 46.60
70 89 63.80
80 89 64.70
90 89 60.10
0 2 61.60
10 88 63.30
20 88 50.80
30 88 55.80
40 88 53.70
50 88 58.20
60 88 45.10
70 88 65.60
80 88 67.30
90 88 62.50
0 87 63.90
10 87 63.40
20 87 52.90
30 87 57.90
40 87 54.80
50 87 55.20
60 87 42.30
70 87 63.60
80 87 67.00
90 87 65.10
0 86 65.40
10 86 63.20
20 86 53.00
30 86 56.60
40 86 55.40
50 86 54.40
60 86 47.00
70 86 63.80
80 86 65.00
90 86 64.40
0 85 67.70
10 85 64.40
20 85 55.00
30 85 60.70
40 85 55.60
50 85 55.30
60 85 44.20
70 85 64.70
80 85 65.50
90 85 60.10